SeaHorses Mikawa
Diamond Dolphins
Osaka
Kyoto
Okinawa
Shiga
Alvark
Tochigi Brex
Chiba
Sendai
Akita
Hokkaido
Brave Thunders
Sun Rockers
NeoPhoenix
Niigata
Yokohama
Toyama

SeaHorses Mikawa
home       [92, 100, 104, 86, 82]
guest      [71, 87, 68, 74, 93, 78, 71, 75]
full       [71, 87, 68, 74, 92, 100, 104, 93, 78, 86, 82, 71, 75]
av_home_last_3 [98.66666666666667, 96.66666666666667, 90.66666666666667, 84.0, 82.0]
av_home_last_5 [92.8, 93.0, 90.66666666666667, 84.0, 82.0]
av_home_all_games 92.8
av_guest_last_3 [75.33333333333333, 76.33333333333333, 78.33333333333333, 81.66666666666667, 80.66666666666667, 74.66666666666667, 73.0, 75.0]
av_guest_last_5 [78.6, 80.0, 76.8, 78.2, 79.25, 74.66666666666667, 73.0, 75.0]
av_guest_all_games 77.125
av_full_last_3 [75.33333333333333, 76.33333333333333, 78.0, 88.66666666666667, 98.66666666666667, 99.0, 91.66666666666667, 85.66666666666667, 82.0, 79.66666666666667, 76.0, 73.0, 75.0]
av_full_last_5 [78.4, 84.2, 87.6, 92.6, 93.4, 92.2, 88.6, 82.0, 78.4, 78.5, 76.0, 73.0, 75.0]

Diamond Dolphins
home       [75, 83, 78, 66, 77, 64]
guest      [77, 60, 78, 78, 74, 64, 73]
full       [77, 60, 75, 83, 78, 78, 74, 78, 66, 64, 73, 77, 64]
av_home_last_3 [78.66666666666667, 75.66666666666667, 73.66666666666667, 69.0, 70.5, 64.0]
av_home_last_5 [75.8, 73.6, 71.25, 69.0, 70.5, 64.0]
av_home_all_games 73.83333333333333
av_guest_last_3 [71.66666666666667, 72.0, 76.66666666666667, 72.0, 70.33333333333333, 68.5, 73.0]
av_guest_last_5 [73.4, 70.8, 73.4, 72.25, 70.33333333333333, 68.5, 73.0]
av_guest_all_games 72.0
av_full_last_3 [70.66666666666667, 72.66666666666667, 78.66666666666667, 79.66666666666667, 76.66666666666667, 76.66666666666667, 72.66666666666667, 69.33333333333333, 67.66666666666667, 71.33333333333333, 71.33333333333333, 70.5, 64.0]
av_full_last_5 [74.6, 74.8, 77.6, 78.2, 74.8, 72.0, 71.0, 71.6, 68.8, 69.5, 71.33333333333333, 70.5, 64.0]

Osaka
home       [98, 85, 79, 78, 68, 86, 80, 75]
guest      [78, 66, 78, 86, 96]
full       [78, 66, 98, 85, 79, 78, 78, 68, 86, 86, 96, 80, 75]
av_home_last_3 [87.33333333333333, 80.66666666666667, 75.0, 77.33333333333333, 78.0, 80.33333333333333, 77.5, 75.0]
av_home_last_5 [81.6, 79.2, 78.2, 77.4, 77.25, 80.33333333333333, 77.5, 75.0]
av_home_all_games 81.125
av_guest_last_3 [74.0, 76.66666666666667, 86.66666666666667, 91.0, 96.0]
av_guest_last_5 [80.8, 81.5, 86.66666666666667, 91.0, 96.0]
av_guest_all_games 80.8
av_full_last_3 [80.66666666666667, 83.0, 87.33333333333333, 80.66666666666667, 78.33333333333333, 74.66666666666667, 77.33333333333333, 80.0, 89.33333333333333, 87.33333333333333, 83.66666666666667, 77.5, 75.0]
av_full_last_5 [81.2, 81.2, 83.6, 77.6, 77.8, 79.2, 82.8, 83.2, 84.6, 84.25, 83.66666666666667, 77.5, 75.0]

Kyoto
home       [71, 78, 91, 83, 78, 69, 64, 81]
guest      [71, 75, 69, 80, 59]
full       [71, 75, 71, 78, 91, 83, 69, 78, 69, 64, 81, 80, 59]
av_home_last_3 [80.0, 84.0, 84.0, 76.66666666666667, 70.33333333333333, 71.33333333333333, 72.5, 81.0]
av_home_last_5 [80.2, 79.8, 77.0, 75.0, 73.0, 71.33333333333333, 72.5, 81.0]
av_home_all_games 76.875
av_guest_last_3 [71.66666666666667, 74.66666666666667, 69.33333333333333, 69.5, 59.0]
av_guest_last_5 [70.8, 70.75, 69.33333333333333, 69.5, 59.0]
av_guest_all_games 70.8
av_full_last_3 [72.33333333333333, 74.66666666666667, 80.0, 84.0, 81.0, 76.66666666666667, 72.0, 70.33333333333333, 71.33333333333333, 75.0, 73.33333333333333, 69.5, 59.0]
av_full_last_5 [77.2, 79.6, 78.4, 79.8, 78.0, 72.6, 72.2, 74.4, 70.6, 71.0, 73.33333333333333, 69.5, 59.0]

Okinawa
home       [71, 69, 54, 85, 57]
guest      [73, 104, 86, 88, 70, 74, 60, 84]
full       [71, 69, 73, 104, 86, 88, 54, 70, 74, 85, 57, 60, 84]
av_home_last_3 [64.66666666666667, 69.33333333333333, 65.33333333333333, 71.0, 57.0]
av_home_last_5 [67.2, 66.25, 65.33333333333333, 71.0, 57.0]
av_home_all_games 67.2
av_guest_last_3 [87.66666666666667, 92.66666666666667, 81.33333333333333, 77.33333333333333, 68.0, 72.66666666666667, 72.0, 84.0]
av_guest_last_5 [84.2, 84.4, 75.6, 75.2, 72.0, 72.66666666666667, 72.0, 84.0]
av_guest_all_games 79.875
av_full_last_3 [71.0, 82.0, 87.66666666666667, 92.66666666666667, 76.0, 70.66666666666667, 66.0, 76.33333333333333, 72.0, 67.33333333333333, 67.0, 72.0, 84.0]
av_full_last_5 [80.6, 84.0, 81.0, 80.4, 74.4, 74.2, 68.0, 69.2, 72.0, 71.5, 67.0, 72.0, 84.0]

Shiga
home       [85, 91, 81, 76, 75]
guest      [79, 71, 67, 74, 79, 82, 73, 72]
full       [79, 71, 85, 91, 67, 74, 81, 79, 82, 73, 72, 76, 75]
av_home_last_3 [85.66666666666667, 82.66666666666667, 77.33333333333333, 75.5, 75.0]
av_home_last_5 [81.6, 80.75, 77.33333333333333, 75.5, 75.0]
av_home_all_games 81.6
av_guest_last_3 [72.33333333333333, 70.66666666666667, 73.33333333333333, 78.33333333333333, 78.0, 75.66666666666667, 72.5, 72.0]
av_guest_last_5 [74.0, 74.6, 75.0, 76.0, 76.5, 75.66666666666667, 72.5, 72.0]
av_guest_all_games 74.625
av_full_last_3 [78.33333333333333, 82.33333333333333, 81.0, 77.33333333333333, 74.0, 78.0, 80.66666666666667, 78.0, 75.66666666666667, 73.66666666666667, 74.33333333333333, 75.5, 75.0]
av_full_last_5 [78.6, 77.6, 79.6, 78.4, 76.6, 77.8, 77.4, 76.4, 75.6, 74.0, 74.33333333333333, 75.5, 75.0]

Alvark
home       [82, 67, 78, 64, 86]
guest      [94, 86, 100, 83, 89, 82, 87]
full       [82, 67, 78, 94, 86, 100, 83, 89, 64, 86, 82, 87]
av_home_last_3 [75.66666666666667, 69.66666666666667, 76.0, 75.0, 86.0]
av_home_last_5 [75.4, 73.75, 76.0, 75.0, 86.0]
av_home_all_games 75.4
av_guest_last_3 [93.33333333333333, 89.66666666666667, 90.66666666666667, 84.66666666666667, 86.0, 84.5, 87.0]
av_guest_last_5 [90.4, 88.0, 88.2, 85.25, 86.0, 84.5, 87.0]
av_guest_all_games 88.71428571428571
av_full_last_3 [75.66666666666667, 79.66666666666667, 86.0, 93.33333333333333, 89.66666666666667, 90.66666666666667, 78.66666666666667, 79.66666666666667, 77.33333333333333, 85.0, 84.5, 87.0]
av_full_last_5 [81.4, 85.0, 88.2, 90.4, 84.4, 84.4, 80.8, 81.6, 79.75, 85.0, 84.5, 87.0]

Tochigi Brex
home       [74, 71, 69, 92, 92]
guest      [78, 80, 78, 89, 87, 68]
full       [78, 80, 74, 71, 69, 78, 89, 92, 92, 87, 68]
av_home_last_3 [71.33333333333333, 77.33333333333333, 84.33333333333333, 92.0, 92.0]
av_home_last_5 [79.6, 81.0, 84.33333333333333, 92.0, 92.0]
av_home_all_games 79.6
av_guest_last_3 [78.66666666666667, 82.33333333333333, 84.66666666666667, 81.33333333333333, 77.5, 68.0]
av_guest_last_5 [82.4, 80.4, 80.5, 81.33333333333333, 77.5, 68.0]
av_guest_all_games 80.0
av_full_last_3 [77.33333333333333, 75.0, 71.33333333333333, 72.66666666666667, 78.66666666666667, 86.33333333333333, 91.0, 90.33333333333333, 82.33333333333333, 77.5, 68.0]
av_full_last_5 [74.4, 74.4, 76.2, 79.8, 84.0, 87.6, 85.6, 84.75, 82.33333333333333, 77.5, 68.0]

Chiba
home       [86, 83, 76, 82, 70, 84]
guest      [85, 84, 84, 100, 78, 85, 75]
full       [85, 84, 86, 83, 84, 100, 78, 76, 82, 85, 75, 70, 84]
av_home_last_3 [81.66666666666667, 80.33333333333333, 76.0, 78.66666666666667, 77.0, 84.0]
av_home_last_5 [79.4, 79.0, 78.0, 78.66666666666667, 77.0, 84.0]
av_home_all_games 80.16666666666667
av_guest_last_3 [84.33333333333333, 89.33333333333333, 87.33333333333333, 87.66666666666667, 79.33333333333333, 80.0, 75.0]
av_guest_last_5 [86.2, 86.2, 84.4, 84.5, 79.33333333333333, 80.0, 75.0]
av_guest_all_games 84.42857142857143
av_full_last_3 [85.0, 84.33333333333333, 84.33333333333333, 89.0, 87.33333333333333, 84.66666666666667, 78.66666666666667, 81.0, 80.66666666666667, 76.66666666666667, 76.33333333333333, 77.0, 84.0]
av_full_last_5 [84.4, 87.4, 86.2, 84.2, 84.0, 84.2, 79.2, 77.6, 79.2, 78.5, 76.33333333333333, 77.0, 84.0]

Sendai
home       [67, 83, 70, 60, 63, 75, 71]
guest      [76, 88, 72, 57, 69, 72]
full       [76, 88, 67, 83, 72, 57, 70, 60, 63, 75, 71, 69, 72]
av_home_last_3 [73.33333333333333, 71.0, 64.33333333333333, 66.0, 69.66666666666667, 73.0, 71.0]
av_home_last_5 [68.6, 70.2, 67.8, 67.25, 69.66666666666667, 73.0, 71.0]
av_home_all_games 69.85714285714286
av_guest_last_3 [78.66666666666667, 72.33333333333333, 66.0, 66.0, 70.5, 72.0]
av_guest_last_5 [72.4, 71.6, 67.5, 66.0, 70.5, 72.0]
av_guest_all_games 72.33333333333333
av_full_last_3 [77.0, 79.33333333333333, 74.0, 70.66666666666667, 66.33333333333333, 62.333333333333336, 64.33333333333333, 66.0, 69.66666666666667, 71.66666666666667, 70.66666666666667, 70.5, 72.0]
av_full_last_5 [77.2, 73.4, 69.8, 68.4, 64.4, 65.0, 67.8, 67.6, 70.0, 71.75, 70.66666666666667, 70.5, 72.0]

Akita
home       [69, 60, 88, 81, 61, 73, 61]
guest      [46, 79, 72, 71, 78, 55]
full       [69, 60, 46, 79, 88, 81, 61, 72, 71, 78, 55, 73, 61]
av_home_last_3 [72.33333333333333, 76.33333333333333, 76.66666666666667, 71.66666666666667, 65.0, 67.0, 61.0]
av_home_last_5 [71.8, 72.6, 72.8, 69.0, 65.0, 67.0, 61.0]
av_home_all_games 70.42857142857143
av_guest_last_3 [65.66666666666667, 74.0, 73.66666666666667, 68.0, 66.5, 55.0]
av_guest_last_5 [69.2, 71.0, 69.0, 68.0, 66.5, 55.0]
av_guest_all_games 66.83333333333333
av_full_last_3 [58.333333333333336, 61.666666666666664, 71.0, 82.66666666666667, 76.66666666666667, 71.33333333333333, 68.0, 73.66666666666667, 68.0, 68.66666666666667, 63.0, 67.0, 61.0]
av_full_last_5 [68.4, 70.8, 71.0, 76.2, 74.6, 72.6, 67.4, 69.8, 67.6, 66.75, 63.0, 67.0, 61.0]

Hokkaido
home       [77, 69, 62, 74, 71, 68, 84, 61]
guest      [73, 78, 78, 61, 67, 60]
full       [73, 77, 69, 78, 78, 62, 74, 61, 71, 68, 67, 60, 84, 61]
av_home_last_3 [69.33333333333333, 68.33333333333333, 69.0, 71.0, 74.33333333333333, 71.0, 72.5, 61.0]
av_home_last_5 [70.6, 68.8, 71.8, 71.6, 71.0, 71.0, 72.5, 61.0]
av_home_all_games 70.75
av_guest_last_3 [76.33333333333333, 72.33333333333333, 68.66666666666667, 62.666666666666664, 63.5, 60.0]
av_guest_last_5 [71.4, 68.8, 66.5, 62.666666666666664, 63.5, 60.0]
av_guest_all_games 69.5
av_full_last_3 [73.0, 74.66666666666667, 75.0, 72.66666666666667, 71.33333333333333, 65.66666666666667, 68.66666666666667, 66.66666666666667, 68.66666666666667, 65.0, 70.33333333333333, 68.33333333333333, 72.5, 61.0]
av_full_last_5 [75.0, 72.8, 72.2, 70.6, 69.2, 67.2, 68.2, 65.4, 70.0, 68.0, 68.0, 68.33333333333333, 72.5, 61.0]

Brave Thunders
home       [91, 87, 87, 84]
guest      [81, 82, 87, 73, 83, 95, 95, 83]
full       [81, 82, 91, 87, 87, 73, 87, 83, 95, 95, 83, 84]
av_home_last_3 [88.33333333333333, 86.0, 85.5, 84.0]
av_home_last_5 [87.25, 86.0, 85.5, 84.0]
av_home_all_games 87.25
av_guest_last_3 [83.33333333333333, 80.66666666666667, 81.0, 83.66666666666667, 91.0, 91.0, 89.0, 83.0]
av_guest_last_5 [81.2, 84.0, 86.6, 85.8, 89.0, 91.0, 89.0, 83.0]
av_guest_all_games 84.875
av_full_last_3 [84.66666666666667, 86.66666666666667, 88.33333333333333, 82.33333333333333, 82.33333333333333, 81.0, 88.33333333333333, 91.0, 91.0, 87.33333333333333, 83.5, 84.0]
av_full_last_5 [85.6, 84.0, 85.0, 83.4, 85.0, 86.6, 88.6, 88.0, 89.25, 87.33333333333333, 83.5, 84.0]

Sun Rockers
home       [61, 91, 83, 81, 60, 80, 72, 65]
guest      [66, 74, 71, 82, 79]
full       [61, 91, 66, 74, 83, 81, 71, 60, 80, 82, 79, 72, 65]
av_home_last_3 [78.33333333333333, 85.0, 74.66666666666667, 73.66666666666667, 70.66666666666667, 72.33333333333333, 68.5, 65.0]
av_home_last_5 [75.2, 79.0, 75.2, 71.6, 69.25, 72.33333333333333, 68.5, 65.0]
av_home_all_games 74.125
av_guest_last_3 [70.33333333333333, 75.66666666666667, 77.33333333333333, 80.5, 79.0]
av_guest_last_5 [74.4, 76.5, 77.33333333333333, 80.5, 79.0]
av_guest_all_games 74.4
av_full_last_3 [72.66666666666667, 77.0, 74.33333333333333, 79.33333333333333, 78.33333333333333, 70.66666666666667, 70.33333333333333, 74.0, 80.33333333333333, 77.66666666666667, 72.0, 68.5, 65.0]
av_full_last_5 [75.0, 79.0, 75.0, 73.8, 75.0, 74.8, 74.4, 74.6, 75.6, 74.5, 72.0, 68.5, 65.0]

NeoPhoenix
home       [84, 74, 78, 86, 84, 87, 77]
guest      [95, 67, 65, 62, 66]
full       [84, 74, 78, 86, 95, 67, 84, 65, 62, 87, 77, 66]
av_home_last_3 [78.66666666666667, 79.33333333333333, 82.66666666666667, 85.66666666666667, 82.66666666666667, 82.0, 77.0]
av_home_last_5 [81.2, 81.8, 82.4, 83.5, 82.66666666666667, 82.0, 77.0]
av_home_all_games 81.42857142857143
av_guest_last_3 [75.66666666666667, 64.66666666666667, 64.33333333333333, 64.0, 66.0]
av_guest_last_5 [71.0, 65.0, 64.33333333333333, 64.0, 66.0]
av_guest_all_games 71.0
av_full_last_3 [78.66666666666667, 79.33333333333333, 86.33333333333333, 82.66666666666667, 82.0, 72.0, 70.33333333333333, 71.33333333333333, 75.33333333333333, 76.66666666666667, 71.5, 66.0]
av_full_last_5 [83.4, 80.0, 82.0, 79.4, 74.6, 73.0, 75.0, 71.4, 73.0, 76.66666666666667, 71.5, 66.0]

Niigata
home       [77, 92, 80, 80, 79, 79, 94]
guest      [75, 92, 75, 76, 92, 64]
full       [77, 92, 75, 92, 75, 76, 80, 80, 79, 92, 64, 79, 94]
av_home_last_3 [83.0, 84.0, 79.66666666666667, 79.33333333333333, 84.0, 86.5, 94.0]
av_home_last_5 [81.6, 82.0, 82.4, 83.0, 84.0, 86.5, 94.0]
av_home_all_games 83.0
av_guest_last_3 [80.66666666666667, 81.0, 81.0, 77.33333333333333, 78.0, 64.0]
av_guest_last_5 [82.0, 79.8, 76.75, 77.33333333333333, 78.0, 64.0]
av_guest_all_games 79.0
av_full_last_3 [81.33333333333333, 86.33333333333333, 80.66666666666667, 81.0, 77.0, 78.66666666666667, 79.66666666666667, 83.66666666666667, 78.33333333333333, 78.33333333333333, 79.0, 86.5, 94.0]
av_full_last_5 [82.2, 82.0, 79.6, 80.6, 78.0, 81.4, 79.0, 78.8, 81.6, 82.25, 79.0, 86.5, 94.0]

Yokohama
home       [87, 83, 76, 80, 65, 85, 59, 81]
guest      [69, 64, 62, 72, 80]
full       [87, 83, 69, 64, 76, 80, 62, 65, 85, 59, 81, 72, 80]
av_home_last_3 [82.0, 79.66666666666667, 73.66666666666667, 76.66666666666667, 69.66666666666667, 75.0, 70.0, 81.0]
av_home_last_5 [78.2, 77.8, 73.0, 74.0, 72.5, 75.0, 70.0, 81.0]
av_home_all_games 77.0
av_guest_last_3 [65.0, 66.0, 71.33333333333333, 76.0, 80.0]
av_guest_last_5 [69.4, 69.5, 71.33333333333333, 76.0, 80.0]
av_guest_all_games 69.4
av_full_last_3 [79.66666666666667, 72.0, 69.66666666666667, 73.33333333333333, 72.66666666666667, 69.0, 70.66666666666667, 69.66666666666667, 75.0, 70.66666666666667, 77.66666666666667, 76.0, 80.0]
av_full_last_5 [75.8, 74.4, 70.2, 69.4, 73.6, 70.2, 70.4, 72.4, 75.4, 73.0, 77.66666666666667, 76.0, 80.0]

Toyama
home       [66, 90, 67, 69, 64, 73]
guest      [93, 79, 68, 65, 66, 57, 73]
full       [66, 90, 93, 79, 67, 69, 68, 65, 66, 64, 73, 57, 73]
av_home_last_3 [74.33333333333333, 75.33333333333333, 66.66666666666667, 68.66666666666667, 68.5, 73.0]
av_home_last_5 [71.2, 72.6, 68.25, 68.66666666666667, 68.5, 73.0]
av_home_all_games 71.5
av_guest_last_3 [80.0, 70.66666666666667, 66.33333333333333, 62.666666666666664, 65.33333333333333, 65.0, 73.0]
av_guest_last_5 [74.2, 67.0, 65.8, 65.25, 65.33333333333333, 65.0, 73.0]
av_guest_all_games 71.57142857142857
av_full_last_3 [83.0, 87.33333333333333, 79.66666666666667, 71.66666666666667, 68.0, 67.33333333333333, 66.33333333333333, 65.0, 67.66666666666667, 64.66666666666667, 67.66666666666667, 65.0, 73.0]
av_full_last_5 [79.0, 79.6, 75.2, 69.6, 67.0, 66.4, 67.2, 65.0, 66.6, 66.75, 67.66666666666667, 65.0, 73.0]
